size = 200Inner Minimization:
Iterations = 0, maxgc = 177.785
Iterations = 10, maxgc = 9.21834
Iterations = 20, maxgc = 0.175193
Iterations = 30, maxgc = 0.000792182
Iterations = 40, maxgc = 1.77932e-05
Inner failed.
Inner f = -73.5734
Inner maxg = 1.89701e-06
3.255514
3.378155
3.534025
3.664590
3.807693
4.006530
4.115815
4.187972
4.222009
4.223546
4.283448
4.341441
4.345457
4.358275
4.414290
4.467003
4.553453
4.640472
4.728733
4.804428
4.880372
4.945642
4.969164
4.953184
5.001134
4.985935
5.035184
5.073394
5.077958
5.041761
5.064442
5.144755
5.207151
5.267879
5.339731
5.443977
5.553109
5.601400
5.735211
5.855454
5.919335
5.986603
6.065759
6.110733
6.232031
6.321771
6.404699
6.441648
6.445725
6.403929
6.449613
6.463757
6.477893
6.497549
6.438834
6.384255
6.340898
6.351900
6.406688
6.432794
6.366315
6.378935
6.430778
6.421031
6.423834
6.469560
6.471009
6.494989
6.506039
6.494311
6.470625
6.489891
6.468879
6.494320
6.518939
6.535265
6.545980
6.481676
6.460673
6.409703
6.418020
6.434912
6.409093
6.419868
6.463520
6.421923
6.400033
6.363767
6.361201
6.351848
6.291937
6.303838
6.261775
6.245665
6.305333
6.333254
6.435238
6.424511
6.492371
6.485275
6.460316
6.427504
6.356754
6.348401
6.322300
6.315760
6.292862
6.297631
6.313935
6.293870
6.316553
6.318278
6.358738
6.377817
6.400246
6.365430
6.408659
6.372672
6.349298
6.403799
6.415604
6.426484
6.410248
6.387260
6.381707
6.428039
6.444767
6.428511
6.402485
6.468643
6.417385
6.342259
6.386233
6.348265
6.364958
6.364630
6.402651
6.437922
6.462689
6.501304
6.501081
6.467986
6.516121
6.556900
6.569454
6.557576
6.482281
6.477414
6.487817
6.431442
6.431028
6.388847
6.383149
6.384762
6.410985
6.397249
6.350882
6.396219
6.473818
6.491702
6.509947
6.479254
6.461735
6.527135
6.561652
6.590344
6.543481
6.561777
6.556522
6.563829
6.581004
6.577855
6.607459
6.552981
6.480848
6.508496
6.476909
6.487578
6.540204
6.473204
6.414460
6.392350
6.449082
6.430742
6.433511
6.412030
6.446200
6.458832
6.496290
6.507096
6.560161
6.555114
6.533012
6.504998
6.535770
6.501507
6.534416
6.524131
6.469542
6.426883
Accumulating third-order mixed derivatives...done.

Iteration 0
Phase = 1
Iteration: 0
Phase: 1
Function Value = 254.028879
Max Gradient Component: 924.676543
Floating-Point Type: Float64
Number of Parameters: 5
 ------------------------------------------------------------------------------------------------------------------------------------------------------------------------------------------
|               Name                |   Value    |  Gradient  |               Name                |   Value    |  Gradient  |               Name                |   Value    |  Gradient  |
 ------------------------------------------------------------------------------------------------------------------------------------------------------------------------------------------
|               logr0               | -2.6033e+00|  2.6606e+02|             logtheta              |  7.6257e-01|  4.2956e+02|[0;31m               *logK               [0m|  6.0000e+00| -9.2468e+02|
|               logQ                | -4.7496e+00| -4.9828e+01|               logR                | -3.1889e+00| -1.0192e+02|
 ------------------------------------------------------------------------------------------------------------------------------------------------------------------------------------------


Inner Minimization:
Iterations = 0, maxgc = 1.6148e+02
Iterations = 10, maxgc = 1.1822e+00
Iterations = 20, maxgc = 1.4871e-02
Iterations = 30, maxgc = 5.2040e-04
Iterations = 40, maxgc = 2.0800e-06
Inner failed.
Inner f = -3.1980e+02
Inner maxg = 9.0297e-07
3.2901
3.4008
3.5476
3.6730
3.8121
4.0051
4.1127
4.1844
4.2194
4.2230
4.2821
4.3393
4.3450
4.3592
4.4148
4.4675
4.5527
4.6384
4.7253
4.8001
4.8747
4.9387
4.9628
4.9492
4.9957
4.9827
5.0304
5.0677
5.0732
5.0406
5.0640
5.1422
5.2042
5.2653
5.3375
5.4406
5.5490
5.6029
5.7360
5.8580
5.9322
6.0120
6.1055
6.1758
6.3141
6.4295
6.5363
6.5999
6.6278
6.6167
6.6651
6.6882
6.7034
6.7094
6.6505
6.5890
6.5414
6.5444
6.5877
6.6098
6.5663
6.5831
6.6339
6.6430
6.6629
6.7154
6.7364
6.7692
6.7873
6.7831
6.7682
6.7839
6.7756
6.8025
6.8290
6.8424
6.8370
6.7696
6.7251
6.6647
6.6535
6.6543
6.6283
6.6304
6.6536
6.6114
6.5767
6.5311
6.5109
6.4867
6.4280
6.4266
6.3917
6.3853
6.4480
6.4956
6.6009
6.6222
6.6887
6.6884
6.6587
6.6117
6.5347
6.5044
6.4664
6.4472
6.4207
6.4198
6.4314
6.4194
6.4427
6.4544
6.4971
6.5238
6.5490
6.5305
6.5655
6.5427
6.5303
6.5786
6.5963
6.6091
6.5986
6.5824
6.5822
6.6227
6.6400
6.6288
6.6082
6.6493
6.6024
6.5359
6.5604
6.5326
6.5508
6.5651
6.6153
6.6687
6.7161
6.7700
6.7913
6.7885
6.8443
6.8918
6.9052
6.8812
6.8036
6.7709
6.7498
6.6837
6.6576
6.6078
6.5905
6.5864
6.6051
6.5983
6.5748
6.6299
6.7161
6.7587
6.7935
6.7911
6.8020
6.8797
6.9369
6.9782
6.9595
6.9784
6.9823
6.9939
7.0093
7.0046
7.0065
6.9385
6.8539
6.8439
6.8025
6.7951
6.8139
6.7449
6.6780
6.6465
6.6818
6.6694
6.6740
6.6680
6.7092
6.7426
6.7970
6.8342
6.8944
6.9035
6.8885
6.8662
6.8842
6.8612
6.8842
6.8782
6.8480
6.8476
Accumulating third-order mixed derivatives...done.

[0;32mLine Search Update.
[0mIteration: 0
Phase: 1
Function Value = 254.0289
Max Gradient Component: 79.9790
Floating-Point Type: Float64
Number of Parameters: 5
 ------------------------------------------------------------------------------------------------------------------------------------------------------------------------------------------
|               Name                |   Value    |  Gradient  |               Name                |   Value    |  Gradient  |               Name                |   Value    |  Gradient  |
